3873.33
3862.05
3863.08
3866.67
3858.46
3857.44
3869.74
3873.33
3866.15
3866.67
3870.26
3868.21
3866.15
3864.1
3863.59
3868.21
3865.13
3853.85
3856.41
3866.67
3864.1
3860.51
3871.79
3874.87
3863.59
3860
3857.44
3846.67
3841.54
3850.77
3857.44
3852.31
3854.36
3857.44
3849.23
3850.77
3860
3860
3858.97
3863.08
3862.56
3856.41
3850.26
3848.21
3851.28
3857.95
3865.13
3861.54
3853.33
3849.74
3848.21
3852.82
3860
3857.95
3852.31
3856.41
3856.92
3851.79
3851.28
3850.77
3860
3868.72
3860
3859.49
3869.23
3863.59
3856.41
3867.18
3877.44
3869.74
3864.1
3870.26
3867.18
3856.41
3856.92
3867.69
3875.9
3869.74
3854.36
3855.9
3870.77
3871.79
3862.56
3867.18
3877.95
3872.82
3860
3856.41
3863.08
3863.59
3856.92
3859.49
3861.03
3847.18
3841.54
3851.79
3854.87
3853.85
3860.51
3862.05
3851.79
3848.72
3854.87
3857.44
3854.36
3853.33
3859.49
3860
3852.31
3853.33
3856.41
3850.26
3854.87
3866.15
3863.08
3854.87
3863.08
3880
3877.44
3862.05
3860
3869.23
3873.85
3870.77
3864.1
3858.97
3864.1
3870.77
3863.59
3858.46
3869.23
3875.38
3871.28
3869.74
3871.28
3865.64
3856.92
3856.92
3863.59
3863.08
3854.36
3854.36
3859.49
3853.85
3850.77
3861.54
3869.74
3869.74
3867.69
3858.46
3853.33
3860.51
3865.13
3854.87
3848.72
3857.95
3860.51
3854.87
3857.44
3867.69
3872.31
3864.62
3859.49
3862.05
3862.56
3864.62
3863.59
3856.92
3856.41
3851.79
3840.51
3838.97
3845.13
3849.74
3851.28
3849.23
3847.18
3848.72
3852.82
3851.79
3846.15
3844.62
3844.62
3838.97
3832.31
3841.03
3850.77
3852.82
3857.95
3857.95
3855.38
3864.62
3871.79
3865.13
3862.05
3861.03
3854.87
3856.41
3861.03
3857.95
3858.46
3866.67
3866.15
3865.64
3867.69
3862.05
3857.95
3857.44
3858.97
3862.05
3862.56
3863.08
3863.08
3861.03
3861.03
3862.05
3862.56
3859.49
3856.92
3861.03
3861.03
3858.97
3865.13
3873.33
3866.15
3851.28
3853.33
3864.62
3866.67
3865.64
3865.64
3866.67
3868.21
3858.97
3851.28
3861.54
3873.33
3871.79
3870.77
3872.82
3863.08
3855.9
3865.13
3873.33
3866.15
3853.33
3852.82
3856.41
3853.85
3853.85
3851.79
3840
3834.36
3836.92
3835.9
3834.36
3834.36
3834.87
3833.33
3829.23
3829.74
3834.87
3835.9
3825.64
3820
3828.21
3832.82
3825.13
3818.97
3823.59
3827.18
3823.08
3820.51
3820.51
3821.54
3820
3817.44
3820.51
3820
3810.26
3812.82
3824.1
3821.03
3812.82
3812.82
3817.95
3821.03
3823.59
3825.13
3823.08
3820
3817.44
3820
3828.21
3831.79
3830.77
3833.33
3836.92
3837.95
3835.38
3833.33
3831.28
3830.77
3830.77
3830.77
3832.82
3829.23
3821.54
3823.59
3826.67
3819.49
3814.87
3823.59
3830.77
3823.59
3818.46
3822.05
3824.1
3824.62
3822.05
3816.92
3822.56
3828.21
3824.1
3818.97
3816.92
3821.54
3822.05
3812.82
3809.74
3816.41
3817.44
3812.31
3816.92
3825.13
3824.1
3823.59
3819.49
3807.18
3805.64
3822.05
3830.26
3820.51
3819.49
3828.72
3827.18
3824.1
3826.67
3823.59
3821.03
3821.54
3814.36
3811.28
3816.92
3822.05
3820
3819.49
3821.54
3817.44
3815.38
3812.82
3809.74
3813.85
3821.03
3821.54
3820
3823.59
3823.08
3817.44
3816.41
3815.38
3812.31
3809.23
3805.64
3806.67
3808.21
3806.15
3813.85
3816.92
3812.82
3824.62
3835.9
3829.23
3828.72
3833.85
3831.79
3830.26
3824.62
3819.49
3827.69
3831.28
3822.56
3821.54
3821.54
3821.54
3827.18
3828.72
3820
3814.87
3822.05
3829.74
3826.67
3822.05
3827.18
3830.26
3832.31
3840
3850.26
3861.54
3871.79
3879.49
3879.49
3883.08
3901.03
3911.79
3905.64
3900
3905.13
3905.64
3895.9
3889.23
3878.97
3871.79
3874.87
3873.85
3866.67
3860
3851.28
3844.1
3840
3831.79
3823.59
3826.67
3832.82
3826.15
3820
3824.62
3826.67
3820
3817.95
3824.1
3822.56
3807.69
3797.95
3795.38
3791.79
3791.28
3800.51
3811.28
3808.21
3798.46
3801.03
3809.23
3811.79
3811.28
3812.31
3814.87
3811.79
3807.69
3809.23
3808.21
3804.62
3804.62
3807.69
3807.18
3804.62
3803.08
3798.46
3798.46
3804.62
3807.69
3806.15
3804.1
3804.62
3809.74
3811.79
3806.67
3805.13
3806.67
3805.64
3806.15
3812.82
3816.41
3810.77
3807.69
3810.77
3810.26
3805.13
3802.56
3806.67
3811.28
3812.82
3810.77
3811.28
3820
3827.18
3826.15
3825.64
3827.18
3824.1
3820.51
3827.69
3834.36
3829.74
3830.77
3835.38
3833.33
3833.33
3840.51
3849.74
3850.26
3845.64
3845.64
3847.69
3849.23
3849.74
3849.23
3848.72
3851.79
3854.36
3849.74
3845.64
3846.67
3846.67
3845.13
3845.64
3844.62
3847.18
3854.36
3853.33
3848.72
3850.26
3852.82
3855.38
3856.41
3857.44
3861.03
3860.51
3849.74
3842.56
3850.77
3858.97
3857.44
3857.95
3859.49
3854.36
3848.21
3844.62
3842.56
3841.03
3838.46
3840.51
3846.15
3843.59
3834.87
3834.87
3842.56
3844.1
3841.03
3839.49
3841.03
3842.56
3845.64
3849.74
3849.23
3849.23
3847.69
3846.67
3847.69
3846.67
3870.26
3916.92
3937.44
3924.1
3912.82
3910.26
3913.33
3922.56
3924.62
3921.03
3916.92
3914.87
3919.49
3922.05
3913.33
3906.15
3912.82
3916.41
3913.33
3911.79
3912.31
3914.36
3912.82
3907.18
3905.64
3907.69
3911.28
3915.9
3917.95
3920.51
3922.56
3920
3921.54
3922.56
3918.97
3915.9
3916.41
3918.97
3917.95
3915.9
3919.49
3921.54
3916.92
3915.38
3916.92
3910.26
3908.21
3911.79
3909.74
3911.28
3917.95
3915.38
3913.85
3918.97
3918.46
3918.97
3921.54
3918.46
3917.44
3922.05
3921.54
3918.97
3924.62
3926.67
3923.59
3922.56
3921.54
3915.38
3907.69
3909.74
3915.9
3916.41
3914.36
3910.26
3906.15
3907.18
3908.72
3907.69
3907.69
3907.18
3906.15
3906.15
3905.13
3905.13
3903.59
3900
3900.51
3904.1
3904.1
3905.13
3911.28
3911.79
3904.62
3903.59
3903.08
3899.49
3903.08
3908.21
3899.49
3894.36
3902.56
3899.49
3886.67
3889.74
3895.9
3889.74
3887.69
3891.79
3889.23
3885.64
3887.69
3888.72
3887.18
3887.69
3884.62
3880.51
3885.64
3888.72
3883.08
3881.54
3887.69
3889.23
3889.74
3896.92
3894.36
3886.67
3889.23
3891.79
3886.67
3885.13
3890.26
3892.82
3891.28
3895.38
3900.51
3899.49
3900.51
3906.67
3906.15
3895.9
3891.79
3900
3906.15
3900
3894.87
3900
3901.03
3892.82
3893.33
3904.62
3909.74
3905.13
3904.62
3901.03
3895.9
3901.03
3906.67
3905.13
3901.54
3900.51
3899.49
3902.56
3902.05
3896.92
3896.41
3895.38
3893.33
3896.41
3901.03
3899.49
3893.85
3895.38
3897.44
3895.38
3895.9
3896.41
3893.33
3897.95
3906.67
3904.62
3902.05
3908.72
3914.36
3908.21
3900.51
3902.56
3902.56
3898.46
3900
3902.05
3895.9
3890.26
3897.44
3904.1
3903.59
3896.41
3892.31
3895.9
3894.87
3892.31
3894.87
3893.33
3894.87
3907.18
3915.9
3921.54
3930.26
3934.87
3936.41
3936.41
3932.31
3927.69
3927.18
3929.23
3931.79
3932.82
3926.15
3913.33
3907.18
3901.54
3889.74
3881.54
3881.54
3876.41
3865.64
3862.56
3861.54
3863.59
3864.62
3861.03
3865.13
3865.13
3853.33
3849.23
3857.44
3854.87
3853.33
3858.97
3862.05
3861.03
3857.44
3855.9
3856.41
3858.46
3860
3859.49
3855.9
3850.77
3852.31
3856.92
3857.95
3862.05
3867.18
3868.21
3866.67
3867.18
3869.74
3870.77
3869.74
3869.74
3870.26
3867.18
3866.67
3871.28
3873.33
3873.85
3876.92
3874.87
3871.28
3873.33
3872.31
3867.69
3867.69
3872.31
3876.41
3872.82
3868.21
3871.28
3874.36
3870.77
3868.21
3870.26
3866.15
3866.15
3874.36
3868.72
3863.59
3868.72
3868.72
3861.54
3857.95
3864.62
3866.67
3861.54
3861.03
3862.05
3856.92
3858.46
3863.59
3856.41
3852.82
3856.92
3856.92
3847.18
3837.44
3837.95
3842.05
3842.56
3841.54
3849.23
3854.87
3853.85
3851.28
3842.56
3836.41
3841.03
3844.1
3841.54
3841.54
3841.03
3837.44
3833.85
3830.77
3835.9
3848.21
3855.9
3851.79
3844.1
3839.49
3838.97
3841.03
3839.49
3837.95
3848.72
3861.03
3859.49
3850.26
3851.28
3856.92
3850.26
3838.46
3836.92
3841.54
3840.51
3841.03
3848.21
3854.36
3857.44
3851.79
3842.56
3844.1
3849.74
3850.26
3849.74
3845.64
3840
3839.49
3840.51
3838.46
3840
3846.67
3847.18
3840
3842.05
3842.05
3831.79
3833.85
3838.97
3831.79
3831.79
3836.41
3826.67
3822.56
3835.9
3840
3829.23
3824.1
3827.18
3834.87
3840.51
3838.46
3832.31
3831.79
3837.44
3840
3837.44
3837.95
3837.44
3836.92
3841.03
3840.51
3836.41
3837.95
3838.97
3836.92
3838.46
3838.46
3830.26
3825.64
3831.28
3837.95
3850.26
3858.46
3848.21
3836.92
3838.97
3846.15
3845.64
3841.03
3845.13
3851.28
3848.21
3837.95
3834.87
3840.51
3840
3837.95
3834.87
3829.74
3836.41
3843.59
3840
3841.03
3846.67
3836.92
3829.74
3838.46
3845.64
3841.03
3833.85
3834.87
3838.46
3830.26
3824.1
3835.9
3842.05
3832.31
3832.31
3835.38
3826.67
3825.64
3836.41
3837.95
3830.77
3833.33
3838.46
3832.82
3830.26
3834.87
3838.46
3839.49
3837.44
3836.41
3832.82
3828.72
3830.77
3830.26
3822.56
3825.64
3835.38
3833.85
3831.28
3838.97
3839.49
3828.21
3828.21
3833.85
3831.79
3829.23
3828.21
3828.72
3831.28
3833.33
3826.67
3812.31
3808.72
3813.85
3813.85
3811.79
3817.44
3823.59
3824.1
3823.59
3817.44
3810.26
3811.79
3811.28
3806.15
3809.74
3814.36
3812.31
3809.23
3807.69
3811.28
3817.95
3816.41
3811.79
3807.69
3805.13
3811.79
3824.1
3823.08
3811.28
3814.36
3822.05
3817.44
3818.46
3824.62
3816.41
3804.62
3811.79
3823.59
3826.15
3824.62
3822.05
3823.08
3828.72
3827.69
3822.05
3822.56
3821.03
3817.44
3820
3825.64
3826.67
3820
3816.92
3821.54
3824.62
3823.59
3821.03
3825.13
3833.33
3835.38
3831.79
3824.62
3821.03
3826.67
3835.38
3832.31
3823.59
3825.13
3829.74
3827.18
3824.62
3824.1
3822.56
3826.15
3836.41
3840
3837.44
3839.49
3844.62
3842.56
3838.97
3836.92
3833.85
3835.38
3835.9
3831.79
3832.31
3837.95
3842.56
3842.56
3840
3843.59
3850.77
3853.33
3848.72
3844.1
3842.05
3840.51
3846.67
3851.79
3847.18
3841.54
3840
3841.54
3841.03
3841.54
3845.64
3842.56
3836.41
3835.38
3837.44
3840
3835.38
3831.79
3842.56
3854.87
3850.77
3845.13
3846.67
3840
3839.49
3854.36
3857.44
3844.62
3836.41
3834.36
3822.56
3815.38
3829.23
3843.08
3837.44
3835.9
3844.62
3840
3833.85
3840
3845.13
3843.08
3841.54
3842.56
3841.03
3840
3840.51
3834.36
3830.77
3834.36
3830.77
3823.59
3825.64
3826.67
3820.51
3821.03
3823.59
3816.92
3817.95
3822.56
3817.95
3812.31
3808.72
3813.33
3824.62
3821.54
3811.79
3816.41
3822.56
3819.49
3821.03
3826.67
3825.64
3823.59
3826.15
3826.67
3825.64
3825.64
3828.21
3827.69
3823.08
3829.23
3834.87
3829.74
3829.23
3830.77
3827.69
3822.56
3820.51
3823.59
3828.21
3829.23
3823.59
3822.56
3827.18
3824.1
3825.13
3838.46
3842.05
3833.85
3827.18
3822.56
3830.77
3835.9
3825.13
3825.13
3836.41
3831.28
3822.05
3824.62
3820
3813.33
3821.54
3827.69
3817.44
3809.23
3815.9
3825.13
3831.28
3835.38
3827.69
3814.87
3818.46
3825.64
3821.03
3815.38
3816.92
3821.03
3820.51
3820
3824.1
3820
3813.33
3815.9
3820.51
3819.49
3817.44
3817.95
3819.49
3824.62
3828.72
3826.67
3822.05
3821.54
3823.59
3824.1
3822.56
3825.64
3827.18
3821.03
3821.54
3827.18
3828.21
3825.64
3824.1
3825.13
3826.15
3826.15
3825.64
3822.56
3821.54
3829.23
3836.92
3831.79
3823.08
3824.62
3825.64
3828.21
3835.9
3831.28
3822.05
3824.1
3822.56
3817.44
3824.62
3828.21
3817.44
3817.95
3832.82
3831.79
3819.49
3822.05
3827.18
3825.13
3822.56
3821.03
3821.54
3823.08
3828.21
3833.85
3834.36
3835.9
3840
3834.87
3823.59
3824.62
3836.41
3835.38
3824.62
3828.21
3834.87
3830.26
3824.1
3826.15
3833.85
3836.92
3835.9
3836.41
3841.03
3835.9
3825.64
3828.72
3835.9
3833.85
3826.67
3828.72
3841.03
3840
3827.69
3834.36
3843.08
3830.77
3828.21
3840
3842.56
3836.92
3836.92
3837.44
3832.31
3829.74
3833.85
3840.51
3841.03
3837.95
3840.51
3838.97
3835.38
3842.05
3843.08
3835.9
3836.92
3841.03
3839.49
3835.9
3830.77
3832.82
3838.46
3834.36
3831.28
3843.08
3845.64
3833.85
3838.46
3845.64
3835.38
3828.72
3831.79
3830.77
3826.67
3831.28
