5.539 3873.33
5.547 3862.05
5.555 3863.08
5.562 3866.67
5.57 3858.46
5.578 3857.44
5.586 3869.74
5.594	3873.33
5.602	3866.15
5.609	3866.67
5.618	3870.26
5.625	3868.21
5.632	3866.15
5.641	3864.1
5.648	3863.59
5.657	3868.21
5.665	3865.13
5.672	3853.85
5.681	3856.41
5.688	3866.67
5.696	3864.1
5.704	3860.51
5.711	3871.79
5.719	3874.87
5.727	3863.59
5.735	3860
5.743	3857.44
5.75	3846.67
5.758	3841.54
5.766	3850.77
5.774	3857.44
5.782	3852.31
5.789	3854.36
5.797	3857.44
5.805	3849.23
5.813	3850.77
5.82	3860
5.828	3860
5.836	3858.97
5.844	3863.08
5.852	3862.56
5.86	3856.41
5.867	3850.26
5.875	3848.21
5.883	3851.28
5.891	3857.95
5.899	3865.13
5.906	3861.54
5.914	3853.33
5.922 3849.74
5.93 3848.21
5.938	3852.82
5.946	3860
5.954	3857.95
5.962	3852.31
5.969	3856.41
5.977	3856.92
5.985	3851.79
5.993	3851.28
6.001	3850.77
6.009	3860
6.017	3868.72
6.024	3860
6.033	3859.49
6.04 3869.23
6.047 3863.59
6.055	3856.41
6.063	3867.18
6.071	3877.44
6.078	3869.74
6.086	3864.1
6.094	3870.26
6.102 3867.18
6.11 3856.41
6.118	3856.92
6.125	3867.69
6.133	3875.9
6.141	3869.74
6.148	3854.36
6.157	3855.9
6.164	3870.77
6.172	3871.79
6.18 3862.56
6.188 3867.18
6.196 3877.95
6.204	3872.82
6.211	3860
6.219	3856.41
6.227	3863.08
6.235	3863.59
6.243	3856.92
6.251	3859.49
6.258	3861.03
6.266	3847.18
6.274	3841.54
6.282	3851.79
6.29 3854.87
6.297	3853.85
6.304	3860.51
6.312	3862.05
6.321	3851.79
6.329	3848.72
6.336	3854.87
6.344	3857.44
6.351	3854.36
6.36 3853.33
6.368	3859.49
6.375	3860
6.383	3852.31
6.39 3853.33
6.398	3856.41
6.406	3850.26
6.415	3854.87
6.423	3866.15
6.43 3863.08
6.438	3854.87
6.446	3863.08
6.454	3880
6.462	3877.44
6.469	3862.05
6.477	3860
6.485	3869.23
6.493	3873.85
6.501	3870.77
6.509	3864.1
6.516	3858.97
6.524	3864.1
6.532	3870.77
6.541	3863.59
6.547	3858.46
6.556	3869.23
6.562	3875.38
6.572	3871.28
6.578	3869.74
6.586	3871.28
6.594	3865.64
6.601	3856.92
6.609	3856.92
6.623	3863.59
6.627	3863.08
6.633	3854.36
6.641	3854.36
6.649	3859.49
6.657	3853.85
6.665	3850.77
6.673	3861.54
6.681	3869.74
6.689	3869.74
6.696	3867.69
6.705	3858.46
6.712	3853.33
6.72 3860.51
6.729	3865.13
6.736	3854.87
6.743	3848.72
6.752	3857.95
6.759	3860.51
6.767	3854.87
6.774	3857.44
6.783	3867.69
6.791	3872.31
6.799	3864.62
6.806	3859.49
6.814	3862.05
6.821	3862.56
6.829	3864.62
6.837	3863.59
6.845	3856.92
6.854	3856.41
6.86 3851.79
6.868	3840.51
6.877	3838.97
6.885	3845.13
6.893	3849.74
6.9 3851.28
6.907	3849.23
6.916	3847.18
6.923	3848.72
6.931	3852.82
6.939	3851.79
6.946	3846.15
6.954	3844.62
6.962	3844.62
6.971	3838.97
6.978	3832.31
6.987	3841.03
6.994	3850.77
7.001	3852.82
7.009	3857.95
7.017	3857.95
7.025	3855.38
7.033	3864.62
7.04 3871.79
7.048	3865.13
7.056	3862.05
7.065	3861.03
7.072	3854.87
7.079	3856.41
7.087	3861.03
7.095	3857.95
7.103	3858.46
7.111	3866.67
7.118	3866.15
7.126	3865.64
7.134	3867.69
7.142	3862.05
7.151	3857.95
7.158	3857.44
7.166	3858.97
7.173	3862.05
7.181	3862.56
7.189	3863.08
7.197	3863.08
7.205	3861.03
7.211	3861.03
7.22 3862.05
7.227	3862.56
7.236	3859.49
7.244	3856.92
7.251	3861.03
7.259	3861.03
7.267	3858.97
7.275	3865.13
7.283	3873.33
7.291	3866.15
7.298	3851.28
7.306	3853.33
7.314	3864.62
7.322	3866.67
7.33 3865.64
7.337	3865.64
7.344	3866.67
7.353	3868.21
7.361	3858.97
7.369	3851.28
7.376	3861.54
7.384	3873.33
7.392	3871.79
7.4 3870.77
7.408	3872.82
7.416	3863.08
7.422	3855.9
7.43 3865.13
7.438	3873.33
7.446	3866.15
7.455	3853.33
7.463	3852.82
7.47 3856.41
7.478	3853.85
7.485	3853.85
7.494	3851.79
7.502	3840
7.51 3834.36
7.517	3836.92
7.524	3835.9
7.533	3834.36
7.541	3834.36
7.55 3834.87
7.557	3833.33
7.565	3829.23
7.572	3829.74
7.58 3834.87
7.588	3835.9
7.596	3825.64
7.604	3820
7.612	3828.21
7.618	3832.82
7.627	3825.13
7.635	3818.97
7.641	3823.59
7.649	3827.18
7.657	3823.08
7.667	3820.51
7.674	3820.51
7.683	3821.54
7.689	3820
7.697	3817.44
7.704	3820.51
7.713	3820
7.721	3810.26
7.728	3812.82
7.735	3824.1
7.743	3821.03
7.751	3812.82
7.76 3812.82
7.768	3817.95
7.775	3821.03
7.783	3823.59
7.791	3825.13
7.8 3823.08
7.807	3820
7.815	3817.44
7.822	3820
7.83 3828.21
7.839	3831.79
7.846	3830.77
7.854	3833.33
7.861	3836.92
7.869	3837.95
7.877	3835.38
7.885	3833.33
7.895	3831.28
7.902	3830.77
7.908	3830.77
7.916	3830.77
7.924	3832.82
7.933	3829.23
7.941	3821.54
7.947	3823.59
7.956	3826.67
7.964	3819.49
7.973	3814.87
7.98 3823.59
7.986	3830.77
7.994	3823.59
8.002	3818.46
8.01 3822.05
8.018	3824.1
8.027	3824.62
8.033	3822.05
8.041	3816.92
8.05 3822.56
8.057	3828.21
8.065	3824.1
8.072	3818.97
8.08 3816.92
8.088	3821.54
8.096	3822.05
8.104	3812.82
8.112	3809.74
8.119	3816.41
8.127	3817.44
8.135	3812.31
8.143	3816.92
8.151	3825.13
8.159	3824.1
8.166	3823.59
8.174	3819.49
8.183	3807.18
8.19 3805.64
8.198	3822.05
8.205	3830.26
